0.0
0.17453292519943295
0.3490658503988659
0.5235987755982988
0.6981317007977318
0.8726646259971648
1.0471975511965976
1.2217304763960306
1.3962634015954636
1.5707963267948966
1.7453292519943295
1.9198621771937625
2.0943951023931953
2.2689280275926285
2.443460952792061
2.6179938779914944
2.792526803190927
2.9670597283903604
3.141592653589793
3.3161255787892263
3.490658503988659
3.6651914291880923
3.839724354387525
4.014257279586958
4.1887902047863905
4.363323129985823
4.537856055185257
4.71238898038469
4.886921905584122
5.061454830783555
5.235987755982989
5.410520681182422
5.585053606381854
5.759586531581287
5.934119456780721
6.108652381980153
6.283185307179586
6.457718232379019
6.632251157578453
6.8067840827778845
6.981317007977318
7.155849933176751
7.3303828583761845
7.504915783575616
7.67944870877505
7.853981633974483
8.028514559173916
8.203047484373348
8.377580409572781
8.552113334772214
8.726646259971647
8.901179185171081
9.075712110370514
9.250245035569947
9.42477796076938
9.599310885968812
9.773843811168245
9.94837673636768
10.12290966156711
10.297442586766545
10.471975511965978
10.64650843716541
10.821041362364843
10.995574287564276
11.170107212763709
11.344640137963141
11.519173063162574
11.693705988362007
11.868238913561441
12.042771838760874
12.217304763960305
12.39183768915974
12.566370614359172
12.740903539558607
12.915436464758038
13.08996938995747
13.264502315156905
13.439035240356338
13.613568165555769
13.788101090755204
13.962634015954636
14.137166941154067
14.311699866353502
14.486232791552935
14.660765716752369
14.8352986419518
15.009831567151233
15.184364492350667
15.3588974175501
15.533430342749531
15.707963267948966
15.882496193148398
16.05702911834783
16.231562043547264
16.406094968746697
16.58062789394613
16.755160819145562
16.929693744344995
17.104226669544428
17.278759594743864
17.453292519943293
17.627825445142726
17.802358370342162
17.976891295541595
18.151424220741028
18.32595714594046
18.500490071139893
18.675022996339326
18.84955592153876
19.02408884673819
19.198621771937624
19.37315469713706
19.54768762233649
19.722220547535922
19.89675347273536
20.071286397934788
20.24581932313422
20.420352248333657
20.59488517353309
20.76941809873252
20.943951023931955
21.118483949131388
21.29301687433082
21.467549799530254
21.642082724729686
21.81661564992912
21.991148575128552
22.165681500327985
22.340214425527417
22.51474735072685
22.689280275926283
22.863813201125716
23.03834612632515
23.212879051524585
23.387411976724014
23.56194490192345
23.736477827122883
23.911010752322312
24.08554367752175
24.26007660272118
24.43460952792061
24.609142453120047
24.78367537831948
24.958208303518916
25.132741228718345