0.0 0.0
0.17453292519943295 0.17364817766693033
0.3490658503988659 0.3420201433256687
0.5235987755982988 0.49999999999999994
0.6981317007977318 0.6427876096865393
0.8726646259971648 0.766044443118978
1.0471975511965976 0.8660254037844386
1.2217304763960306 0.9396926207859083
1.3962634015954636 0.984807753012208
1.5707963267948966 1.0
1.7453292519943295 0.984807753012208
1.9198621771937625 0.9396926207859084
2.0943951023931953 0.8660254037844388
2.2689280275926285 0.7660444431189781
2.443460952792061 0.6427876096865395
2.6179938779914944 0.49999999999999994
2.792526803190927 0.3420201433256689
2.9670597283903604 0.17364817766693025
3.141592653589793 1.2246467991473532e-16
3.3161255787892263 -0.17364817766693047
3.490658503988659 -0.34202014332566866
3.6651914291880923 -0.5000000000000001
3.839724354387525 -0.6427876096865393
4.014257279586958 -0.7660444431189779
4.1887902047863905 -0.8660254037844384
4.363323129985823 -0.9396926207859082
4.537856055185257 -0.984807753012208
4.71238898038469 -1.0
4.886921905584122 -0.9848077530122081
5.061454830783555 -0.9396926207859085
5.235987755982989 -0.8660254037844386
5.410520681182422 -0.7660444431189781
5.585053606381854 -0.6427876096865396
5.759586531581287 -0.5000000000000004
5.934119456780721 -0.34202014332566855
6.108652381980153 -0.17364817766693127
6.283185307179586 -2.4492935982947064e-16
6.457718232379019 0.17364817766692991
6.632251157578453 0.342020143325669
6.8067840827778845 0.4999999999999993
6.981317007977318 0.6427876096865393
7.155849933176751 0.7660444431189778
7.3303828583761845 0.8660254037844388
7.504915783575616 0.9396926207859081
7.67944870877505 0.984807753012208
7.853981633974483 1.0
8.028514559173916 0.9848077530122081
8.203047484373348 0.9396926207859086
8.377580409572781 0.8660254037844392
8.552113334772214 0.7660444431189788
8.726646259971647 0.6427876096865404
8.901179185171081 0.4999999999999998
9.075712110370514 0.3420201433256687
9.250245035569947 0.1736481776669305
9.42477796076938 3.6739403974420594e-16
9.599310885968812 -0.1736481776669298
9.773843811168245 -0.342020143325668
9.94837673636768 -0.5000000000000007
10.12290966156711 -0.6427876096865385
10.297442586766545 -0.7660444431189782
10.471975511965978 -0.8660254037844387
10.64650843716541 -0.9396926207859084
10.821041362364843 -0.984807753012208
10.995574287564276 -1.0
11.170107212763709 -0.9848077530122081
11.344640137963141 -0.9396926207859086
11.519173063162574 -0.8660254037844392
11.693705988362007 -0.7660444431189788
11.868238913561441 -0.642787609686539
12.042771838760874 -0.49999999999999983
12.217304763960305 -0.3420201433256705
12.39183768915974 -0.17364817766693064
12.566370614359172 -4.898587196589413e-16